p index x y capacity penalty 10 nodes
s 21 -121707076 37638396 4000 40
s 4805 -122277719 37846246 3000 50
s 7938 -122231379 37829726 3500 75
s 8078 -122260980 37830427 4500 60
s 15850 -122151776 37729729 2500 55
s 18858 -122034472 37739428 5000 30
s 21135 -121788393 37688129 3500 20
s 23480 -122056073 37671131 4500 65
s 29642 -121948889 37549456 3000 45
s 33457 -121722484 37684361 2500 30
s 38981 -121922892 37486267 5000 70
s 40797 -122057929 38982812 2500 50
s 41829 -121750865 38005521 3000 40
s 49040 -122302280 37919824 700 10
s 55322 -121933158 37729013 4000 35
s 59299 -122054473 37906824 1300 35
s 63260 -121892351 37995516 2500 30
s 69169 -121817167 37984621 3500 40
s 71460 -122087865 37955466 3000 50
s 74998 -121923032 37786253 4500 30